CUDA
Input Matrix
1.26324 0.919669 0.152604 
0.948833 1.15119 0.362117 
0.780453 0.161353 1.76646 
--------------------
U
-0.54997 0.483349 0.681107 
-0.556495 0.396029 -0.730393 
-0.622773 -0.780727 0.0511768 
--------------------
Vt
-0.675753 -0.493094 -0.547919 
0.260667 0.535436 -0.803344 
0.6895 -0.685686 -0.233289 
--------------------
S
2.52875 1.4464 0.300682 
====================
Input Matrix
1.68928 0.322341 0.686526 
0.457516 1.7724 0.465974 
0.882289 0.313523 1.64597 
--------------------
U
-0.598998 0.798474 0.0603364 
-0.475646 -0.415409 0.775368 
-0.644176 -0.435745 -0.62862 
--------------------
Vt
-0.643383 -0.34925 -0.681236 
0.702423 0.0845198 -0.706724 
-0.304401 0.93321 -0.190943 
--------------------
S
2.79436 1.10238 0.321798 
====================
Input Matrix
1.774 0.655219 0.476686 
0.471774 1.18936 0.207982 
0.0569784 0.491424 1.25251 
--------------------
U
-0.819336 0.413947 -0.396656 
-0.478032 -0.111314 0.87126 
-0.316502 -0.903469 -0.289084 
--------------------
Vt
-0.658269 -0.662608 -0.357257 
0.536694 -0.0803077 -0.839946 
-0.527864 0.744649 -0.408482 
--------------------
S
2.57806 1.1745 0.585569 
====================
Input Matrix
1.1172 0.0963426 0.360211 
0.588043 1.77902 0.743892 
0.53179 0.152464 1.37471 
--------------------
U
-0.360581 0.90495 -0.225933 
-0.74913 -0.136669 0.648171 
-0.555684 -0.402972 -0.727206 
--------------------
Vt
-0.484228 -0.517483 -0.705503 
0.795775 0.0746865 -0.600969 
-0.363683 0.852428 -0.375635 
--------------------
S
2.35192 0.900186 0.709356 
====================
SERIAL
Input Matrix
1.26324 0.919669 0.152604 
0.948833 1.15119 0.362117 
0.780453 0.161353 1.76646 
--------------------
U
-0.54997 0.483349 0.681107 
-0.556495 0.396029 -0.730393 
-0.622773 -0.780727 0.0511768 
--------------------
Vt
-0.675753 -0.493094 -0.547919 
0.260667 0.535436 -0.803344 
0.6895 -0.685686 -0.233289 
--------------------
S
2.52875 1.4464 0.300682 
====================
Input Matrix
1.68928 0.322341 0.686526 
0.457516 1.7724 0.465974 
0.882289 0.313523 1.64597 
--------------------
U
-0.600025 -0.357725 0.715543 
-0.507266 0.861772 0.00545783 
-0.618588 -0.359696 -0.698547 
--------------------
Vt
-0.64807 -0.465372 -0.602855 
-0.359126 0.884788 -0.296948 
0.671591 0.0240578 -0.740532 
--------------------
S
2.76431 1.46851 0.885854 
====================
Input Matrix
1.774 0.655219 0.476686 
0.471774 1.18936 0.207982 
0.0569784 0.491424 1.25251 
--------------------
U
-0.805423 0.466109 -0.36611 
-0.472647 -0.132386 0.871251 
-0.35763 -0.874766 -0.326932 
--------------------
Vt
-0.728883 -0.551671 -0.40545 
0.603519 -0.238115 -0.760964 
-0.323258 0.79935 -0.506502 
--------------------
S
2.29417 1.18402 0.795257 
====================
Input Matrix
1.1172 0.0963426 0.360211 
0.588043 1.77902 0.743892 
0.53179 0.152464 1.37471 
--------------------
U
-0.342832 -0.468715 0.814108 
-0.797312 0.603455 0.0116743 
-0.49675 -0.645096 -0.580596 
--------------------
Vt
-0.474308 -0.649054 -0.594777 
-0.418601 0.76062 -0.496216 
0.774471 0.0136151 -0.632463 
--------------------
S
2.35297 1.22275 0.784575 
====================
